81303.28811849 61758.39309896 60933.99667969 60846.84921875
60542.11933594 60462.38883464 60337.95807292 60110.13154297
 60108.94763997 59988.05817057 59838.87047526 59823.27936198
 59862.82783203 59862.36497396 59503.20800781 60385.47617188 59762.79378255 59433.95097656 59476.44599609
 59232.75934245 59243.96279297 59289.17327474 59171.0921224
 59111.21907552 58940.96315104 58793.42688802 58777.8258138
 58615.96347656 58376.17075195 58321.16580404 58087.07001953
 57749.02513021 57416.25751953 57088.15449219 56712.53020833
 56157.13948568 55397.20680339 54623.96822917 53934.46074219
 52274.30084635 51122.04365234 49193.14459635 47385.42890625
 45765.42220052 43749.64643555 41399.53181966 39328.01105143 37910.80113932 36703.84072266
 35591.55758464 34562.16321615 33845.62635091 32878.93821615
 31838.24560547 30979.11360677 30132.19482422 29355.42911784
 28645.84597982 28013.73204753 27258.69205729 26525.13854167
 26080.20646159 25697.09316406 24990.82750651 24478.30818685
 23913.17114258 23590.73916016 22796.37157389 22394.54726562
 22202.75438639 21732.13532715 21263.52696126 20803.80828451
 20537.92703451 20218.08628743 19662.33267415 19308.37285156
 19077.41974284 18815.43061523 18515.57627767 18321.58497721
 18255.83783366 18051.08092448 17616.18653971 17315.96066081
 17042.43725586 16933.93890788 16612.2267334  16231.99694824
 15920.14764811 15764.53597819 15789.13213704 15678.92716471
 15457.65901693 15176.34157715 15186.51732585 15100.40015462
 14798.8755778  14589.73163249 14438.51653239 14595.17989095 13581.99746094 13875.56790365 14093.27469076
 14142.8011556  13910.21253255 13567.58085124 13326.37622477
 13202.69063314 13150.1250651  12940.26027832 12669.48104655
 12581.39984538 12591.53572184 12676.23735352 12542.54065755
 12228.427889   12027.60822754 11967.03070068 11768.7973348
 11741.22125651 11685.82579753 11644.20712077 11495.3114502
 11197.87001953 11004.38503011 10918.35761719 11003.60126546
 11006.58417562 10899.27492269 9963.85609945 9091.36595256 8675.66303711 8396.52987061 8192.35740967
 8030.98548584 7898.40179443 7780.7162028  7674.7762736  7575.3977356
 7481.12873942 7390.57533366 7301.74674479 7216.54933675 7132.30423991
 7049.68236898 6970.03470459 6891.81573893 6818.14851888 6746.09878743
 6678.90551351 6615.67351074 6550.99157308 6489.31016032 6426.28203939
 6362.18175252 6294.28593343 6230.20939535 6170.33973592 6113.17020264
 6050.65525309 5968.09266561 5908.25709025 5869.12924194 5839.92531331
 5806.75832113 5757.05664266 5704.51771851 5655.94170736 5614.19325765
 5576.30623779 5536.75324707 5498.43127848 5464.08488973 5425.73771566
 5376.89332886 5336.58174032 5304.00399373 5272.04790039 5239.8788798
 5205.22026774 5180.41722005 5146.02024129 5106.4541158  5065.28033854
 5025.86262614 4990.94421387 4968.26611735 4947.32179769 4919.26311239
 4875.10259196 4808.32457275 4771.43911743 4760.13659871 4755.83823242
 4746.45599772 4721.23614502 4686.07113851 4657.62104289 4631.11352743
 4611.33476766 4591.88505046 4558.91183268 4533.25922038 4510.15153198
 4489.45515645 4468.35328979 4438.88601685 4417.72651367 4390.40007324
 4367.53730062 4352.78095703 4341.23876546 4327.88150838 4308.23548991
 4277.41167908 4254.63707072 4233.27871908 4212.75116374 4190.56605225
 4166.29780477 4151.04988607 4140.67917379 4128.73316447 4106.43638916
 4082.23192139 4061.69511312 4037.24503174 4013.0661438  4004.29313558
 3986.12979736 3971.4168162  3952.33846741 3928.62168376 3912.52049561
 3896.26543376 3890.35382284 3884.0096578  3870.97352295 3848.9981191
 3816.7473053  3797.63467102 3788.28537394 3770.67056986 3750.78688253
 3741.62823893 3725.97050578 3709.8980245  3702.84024862 3690.93632202
 3679.71517944 3669.47938232 3646.0193339  3625.42430623 3612.77021077
 3599.67722778 3579.03349711 3569.05132751 3556.50290731 3552.09162191
 3546.98288066 3532.38292135 3511.45076294 3488.0407196  3480.34364726
 3473.93495585 3454.98647359 3438.8712738  3425.41775614 3414.22795919
 3394.53320109 3394.38105672 3358.43950806 3341.53254903 3344.06596171
 3344.07758687 3333.41888936 3332.34603577 3319.23003642 3304.38216756
 3286.81543681 3275.59824117 3265.48050028 3259.0771047  3255.6634023
 3256.56322632 3246.0257843  3224.52381795 3204.63625946 3193.94968669
 3174.66397807 3161.00380859 3153.7324117  3154.79174601 3166.57559001
 3168.34014079 3137.95918376 3101.06948954 3081.72660828 3079.67484334
