Loss network cat

1)

Loss 10 epochs 
batch size = 4
initial_lr = 3e-5
weight_decay=1e-3

[8747.10343153 7746.477937   7718.74370108 7692.08886235 7681.17076184
 7669.92944858 7643.75135628 7644.28186405 7635.46926071 7626.9339383]
 
 --> lr = 3e-05
 
 
 -------------------------------------------------------------------------
 
 2)
 
 108167.15341797  64568.20807292  62108.45804036  61464.31679687
  61033.94342448  60864.89908854  60552.13710937  60328.39270833
  60192.15566406  60201.45712891  60056.10854492  59959.44420573
  59824.57330729  59692.45865885  59700.20524089  59489.76165365
  59455.16103516  59299.09078776  59225.29658203  59075.08925781
  58878.12226563
  
 3)
 
 [105516.95224609  63938.8804362   61836.50498047  61029.84586589
  60920.3890625   60745.07740885  60663.47089844  60666.0843099
  60673.85361328  60674.36074219  60633.48561198  60624.16936849
  60605.7851237   60645.23369141  60648.64003906      0.
      0.              0.              0.              0.        ]
 

